Divergence：3
[[1, 36], [1, 36], [1, 33], [1, 47], [1, 32], [1, 47], [1, 38], [1, 53], [1, 40], [1, 48], [1, 36], [1, 50], [1, 33], [1, 45], [1, 42], [1, 56], [1, 43], [1, 46], [1, 41], [1, 37], [1, 29], [1, 41], [1, 35], [1, 40], [1, 46], [1, 43], [1, 34], [1, 44], [1, 35], [1, 47], [1, 41], [1, 47], [1, 34], [1, 35], [1, 35], [1, 42], [1, 35], [1, 35], [1, 45], [1, 40], [1, 41], [1, 35], [1, 41], [1, 32], [1, 31], [1, 38], [1, 45], [1, 42], [1, 34], [1, 36], [1, 32], [1, 28], [0, 100], [1, 34], [1, 41], [1, 44], [1, 38], [1, 50], [1, 34], [1, 30], [1, 38], [1, 42], [1, 47], [1, 39], [1, 30], [1, 28], [1, 42], [1, 39], [1, 36], [1, 36], [1, 36], [1, 35], [1, 42], [1, 49], [1, 35], [1, 41], [1, 39], [1, 39], [1, 37], [1, 39], [1, 37], [1, 37], [1, 34], [1, 34], [1, 57], [1, 47], [1, 38], [1, 40], [1, 43], [1, 29], [1, 33], [1, 42], [1, 38], [1, 36], [1, 36], [1, 30], [1, 32], [1, 41], [1, 35], [1, 32]]
average：39.48
Divergence：4
[[1, 36], [1, 33], [1, 42], [1, 41], [1, 37], [1, 35], [1, 39], [1, 35], [1, 45], [1, 44], [1, 33], [1, 44], [1, 35], [1, 33], [1, 34], [1, 36], [1, 37], [1, 33], [1, 42], [1, 37], [1, 37], [1, 35], [1, 32], [1, 40], [1, 32], [1, 37], [1, 34], [1, 48], [1, 45], [1, 45], [1, 35], [1, 37], [1, 44], [1, 32], [1, 34], [1, 42], [1, 36], [1, 31], [1, 36], [1, 34], [1, 37], [1, 36], [1, 42], [1, 44], [1, 42], [1, 37], [1, 30], [1, 42], [1, 46], [1, 40], [1, 34], [1, 36], [1, 40], [1, 40], [1, 44], [1, 40], [1, 47], [1, 33], [1, 35], [1, 37], [1, 29], [1, 38], [1, 36], [1, 33], [1, 40], [1, 31], [1, 47], [1, 35], [1, 46], [1, 47], [1, 42], [1, 38], [1, 37], [1, 37], [1, 40], [1, 47], [1, 42], [1, 37], [1, 36], [1, 37], [1, 37], [1, 36], [1, 36], [1, 36], [1, 28], [1, 39], [1, 42], [1, 48], [1, 35], [1, 40], [1, 46], [1, 39], [1, 31], [1, 30], [1, 35], [1, 36], [1, 45], [1, 45], [1, 33], [1, 39]]
average：38.1
Divergence：5
[[1, 31], [1, 34], [1, 33], [1, 38], [1, 42], [1, 40], [1, 39], [1, 40], [1, 32], [1, 40], [1, 39], [1, 35], [1, 34], [1, 39], [1, 32], [1, 34], [1, 34], [1, 46], [1, 40], [1, 28], [1, 27], [1, 39], [1, 54], [1, 48], [1, 40], [1, 49], [1, 32], [1, 38], [1, 35], [1, 34], [1, 41], [1, 37], [1, 37], [1, 42], [1, 44], [1, 33], [1, 42], [1, 44], [1, 36], [1, 43], [1, 35], [1, 33], [1, 42], [1, 33], [1, 39], [1, 43], [1, 34], [1, 41], [1, 31], [1, 43], [1, 42], [1, 39], [1, 33], [1, 45], [1, 49], [1, 39], [1, 38], [1, 38], [1, 43], [1, 49], [1, 38], [1, 36], [1, 35], [1, 31], [1, 28], [1, 34], [1, 37], [1, 33], [1, 46], [1, 33], [1, 31], [1, 40], [1, 46], [1, 37], [1, 41], [1, 44], [1, 42], [1, 40], [1, 38], [1, 41], [1, 38], [1, 33], [1, 43], [1, 46], [1, 38], [1, 28], [1, 38], [1, 37], [1, 31], [1, 38], [1, 34], [1, 37], [1, 43], [1, 41], [1, 35], [1, 31], [1, 44], [0, 100], [1, 41], [1, 40]]
average：38.81
Divergence：6
[[1, 43], [1, 42], [1, 38], [1, 34], [1, 41], [1, 35], [1, 40], [1, 38], [1, 45], [1, 37], [1, 33], [1, 45], [1, 50], [1, 33], [1, 42], [1, 36], [1, 31], [1, 32], [1, 43], [1, 34], [1, 42], [1, 43], [1, 34], [1, 39], [1, 39], [1, 34], [1, 42], [1, 39], [1, 37], [1, 34], [1, 39], [1, 42], [1, 41], [1, 29], [1, 46], [1, 34], [1, 30], [1, 38], [1, 37], [1, 30], [1, 43], [1, 41], [1, 40], [1, 44], [1, 36], [1, 46], [1, 37], [1, 48], [1, 43], [1, 45], [1, 54], [1, 33], [1, 44], [1, 33], [1, 40], [1, 42], [1, 34], [1, 50], [1, 50], [1, 43], [1, 38], [1, 34], [1, 32], [1, 48], [1, 38], [1, 52], [1, 44], [1, 40], [1, 36], [1, 29], [1, 35], [1, 41], [1, 43], [1, 39], [1, 44], [1, 34], [1, 35], [1, 32], [1, 39], [1, 32], [1, 34], [1, 37], [1, 44], [1, 35], [1, 46], [1, 30], [1, 41], [1, 45], [1, 32], [1, 32], [1, 38], [1, 45], [1, 42], [1, 40], [1, 36], [1, 30], [1, 35], [1, 49], [1, 39], [1, 37]]
average：38.99
Divergence：7
[[1, 34], [1, 38], [1, 43], [1, 33], [1, 44], [1, 32], [1, 45], [1, 36], [1, 45], [1, 39], [1, 42], [1, 48], [1, 41], [1, 33], [1, 43], [1, 30], [1, 32], [1, 41], [1, 34], [1, 35], [1, 38], [1, 49], [1, 33], [1, 49], [1, 33], [1, 35], [1, 45], [1, 36], [1, 41], [1, 46], [1, 35], [1, 31], [1, 36], [1, 35], [1, 42], [1, 47], [1, 35], [1, 43], [1, 36], [1, 31], [1, 38], [1, 39], [1, 36], [1, 41], [1, 48], [1, 30], [1, 43], [1, 34], [1, 45], [1, 50], [1, 34], [1, 32], [1, 32], [1, 47], [1, 48], [1, 45], [1, 36], [1, 32], [1, 35], [1, 32], [1, 45], [1, 34], [1, 44], [1, 42], [1, 43], [1, 33], [1, 32], [1, 38], [1, 43], [1, 42], [1, 41], [1, 37], [1, 57], [1, 41], [1, 40], [1, 32], [1, 29], [1, 31], [1, 43], [1, 38], [1, 42], [1, 36], [1, 33], [1, 33], [1, 34], [1, 32], [1, 38], [1, 38], [1, 45], [1, 41], [1, 32], [1, 40], [1, 46], [1, 54], [1, 38], [1, 43], [1, 30], [1, 36], [1, 51], [1, 42]]
average：38.9
Divergence：8
[[1, 35], [1, 44], [1, 29], [1, 33], [1, 33], [1, 39], [1, 33], [1, 46], [1, 27], [1, 35], [1, 33], [1, 44], [1, 49], [1, 44], [1, 33], [1, 46], [1, 40], [1, 50], [1, 43], [1, 38], [1, 43], [1, 37], [1, 35], [1, 32], [1, 41], [1, 32], [1, 50], [1, 36], [1, 33], [1, 44], [1, 45], [1, 38], [1, 39], [1, 36], [1, 33], [1, 44], [1, 40], [1, 45], [1, 42], [1, 33], [1, 52], [0, 100], [1, 41], [1, 37], [1, 39], [1, 54], [1, 31], [1, 32], [1, 41], [1, 36], [1, 36], [1, 38], [1, 33], [1, 38], [1, 40], [1, 36], [1, 40], [1, 45], [1, 30], [1, 44], [0, 100], [1, 40], [1, 29], [1, 34], [1, 30], [1, 42], [1, 33], [1, 44], [1, 39], [1, 32], [1, 45], [1, 43], [1, 36], [1, 34], [1, 35], [1, 30], [1, 45], [1, 48], [1, 37], [1, 51], [1, 34], [1, 34], [1, 36], [1, 43], [1, 37], [1, 47], [1, 24], [1, 39], [1, 37], [1, 32], [1, 35], [1, 31], [1, 42], [1, 39], [1, 36], [1, 32], [1, 43], [1, 47], [1, 45], [1, 36]]
average：39.71
Divergence：9
[[1, 43], [1, 31], [1, 41], [1, 37], [1, 37], [1, 40], [1, 28], [1, 33], [1, 39], [1, 38], [1, 42], [1, 50], [1, 30], [1, 44], [1, 45], [1, 38], [1, 38], [1, 32], [1, 44], [1, 36], [1, 36], [1, 46], [1, 43], [1, 33], [1, 38], [1, 43], [1, 38], [1, 50], [1, 44], [1, 43], [1, 38], [1, 31], [1, 43], [1, 28], [1, 34], [1, 38], [1, 37], [1, 36], [1, 35], [1, 35], [1, 44], [1, 33], [1, 43], [1, 38], [1, 35], [1, 37], [0, 100], [1, 30], [1, 33], [1, 48], [1, 32], [1, 36], [1, 40], [1, 26], [1, 40], [1, 45], [1, 36], [1, 35], [1, 36], [1, 33], [1, 35], [1, 39], [1, 32], [1, 40], [1, 36], [1, 34], [1, 40], [1, 32], [1, 36], [1, 46], [1, 37], [1, 33], [1, 41], [1, 41], [1, 48], [1, 35], [1, 32], [1, 44], [1, 37], [1, 35], [1, 32], [1, 47], [1, 38], [1, 38], [1, 35], [1, 31], [1, 28], [1, 39], [1, 33], [1, 38], [1, 43], [1, 41], [1, 38], [1, 43], [1, 39], [1, 34], [1, 37], [1, 41], [1, 42], [1, 45]]
average：38.5
Divergence：10
[[1, 34], [1, 39], [1, 38], [1, 33], [1, 36], [1, 40], [1, 30], [1, 34], [1, 41], [1, 32], [1, 48], [1, 37], [1, 32], [1, 30], [1, 37], [1, 38], [1, 39], [1, 31], [1, 37], [1, 39], [1, 44], [1, 41], [1, 46], [1, 41], [1, 31], [1, 39], [1, 34], [1, 41], [1, 39], [1, 48], [1, 42], [1, 43], [1, 33], [1, 38], [1, 33], [1, 32], [1, 48], [1, 38], [1, 36], [1, 38], [1, 46], [1, 42], [1, 39], [1, 37], [1, 37], [1, 43], [1, 35], [1, 34], [1, 45], [1, 45], [1, 34], [1, 39], [1, 42], [1, 35], [1, 40], [1, 36], [1, 39], [1, 35], [1, 35], [1, 27], [1, 44], [1, 40], [1, 35], [1, 41], [1, 46], [1, 46], [1, 30], [1, 34], [1, 31], [1, 29], [1, 36], [1, 30], [1, 37], [1, 41], [1, 43], [1, 42], [1, 35], [1, 35], [1, 47], [1, 38], [1, 43], [1, 44], [1, 54], [1, 41], [1, 41], [1, 35], [1, 42], [1, 48], [1, 36], [1, 40], [1, 41], [1, 31], [1, 34], [1, 51], [1, 32], [1, 41], [1, 41], [1, 34], [1, 40], [1, 32]]
average：38.36
Divergence：12
[[1, 45], [1, 42], [1, 42], [1, 42], [1, 31], [1, 41], [1, 41], [1, 43], [1, 35], [1, 34], [1, 40], [1, 34], [1, 33], [1, 32], [1, 39], [1, 39], [1, 41], [1, 29], [1, 33], [1, 35], [1, 32], [1, 37], [1, 33], [1, 37], [1, 31], [1, 37], [1, 34], [1, 52], [1, 51], [1, 34], [1, 41], [1, 37], [1, 34], [1, 40], [1, 32], [1, 44], [1, 36], [1, 33], [1, 39], [1, 33], [1, 30], [1, 42], [1, 33], [1, 29], [1, 38], [1, 50], [1, 43], [1, 31], [1, 36], [1, 32], [1, 43], [1, 49], [1, 40], [1, 44], [1, 44], [1, 43], [1, 40], [1, 35], [1, 42], [1, 35], [1, 28], [1, 38], [1, 46], [1, 43], [1, 34], [1, 35], [1, 40], [1, 42], [1, 33], [1, 39], [1, 38], [1, 44], [1, 43], [1, 42], [1, 48], [1, 35], [1, 31], [1, 34], [1, 40], [1, 40], [1, 37], [1, 39], [1, 38], [1, 35], [1, 38], [1, 42], [1, 32], [1, 35], [1, 35], [1, 40], [1, 44], [1, 46], [1, 33], [1, 31], [1, 37], [1, 37], [1, 36], [1, 45], [1, 36], [1, 31]]
average：37.97
Divergence：13
[[1, 42], [1, 39], [1, 51], [1, 38], [1, 50], [1, 37], [1, 36], [1, 41], [1, 41], [1, 40], [1, 31], [1, 31], [1, 39], [1, 41], [1, 35], [1, 47], [1, 47], [1, 39], [1, 30], [1, 44], [1, 29], [1, 41], [1, 36], [1, 35], [1, 37], [1, 42], [1, 41], [1, 47], [1, 32], [1, 39], [1, 36], [1, 43], [1, 47], [1, 48], [1, 33], [1, 44], [1, 31], [1, 34], [1, 42], [1, 43], [1, 41], [1, 41], [1, 44], [1, 39], [1, 38], [1, 42], [1, 36], [1, 34], [1, 40], [1, 42], [1, 45], [1, 41], [1, 37], [1, 34], [1, 44], [1, 32], [1, 38], [1, 37], [1, 41], [1, 33], [1, 32], [1, 41], [1, 34], [1, 43], [1, 32], [1, 41], [1, 45], [1, 38], [1, 42], [1, 38], [1, 34], [1, 28], [1, 51], [1, 44], [1, 25], [1, 32], [1, 48], [1, 31], [1, 46], [1, 30], [1, 42], [1, 45], [1, 35], [1, 33], [1, 40], [1, 40], [1, 28], [1, 37], [1, 34], [1, 41], [1, 38], [1, 35], [1, 31], [1, 39], [1, 38], [1, 44], [1, 33], [1, 40], [1, 38], [1, 40]]
average：38.64
Divergence：14
[[1, 34], [1, 28], [1, 37], [1, 33], [1, 48], [1, 31], [1, 53], [1, 36], [1, 39], [1, 32], [1, 28], [1, 44], [1, 35], [1, 43], [1, 33], [1, 41], [1, 33], [1, 42], [1, 31], [1, 33], [1, 29], [1, 34], [1, 36], [1, 34], [1, 52], [1, 50], [1, 40], [1, 42], [1, 35], [1, 38], [1, 34], [1, 34], [1, 46], [1, 45], [1, 45], [1, 44], [1, 40], [1, 45], [1, 36], [1, 36], [1, 39], [1, 29], [1, 39], [1, 36], [1, 41], [1, 38], [1, 38], [1, 33], [1, 43], [1, 44], [1, 37], [1, 30], [1, 39], [1, 38], [1, 45], [1, 37], [1, 35], [1, 37], [1, 31], [1, 37], [1, 47], [1, 33], [1, 42], [1, 34], [1, 44], [1, 35], [1, 39], [1, 42], [1, 34], [1, 34], [1, 36], [1, 52], [1, 38], [1, 33], [1, 39], [1, 40], [1, 34], [1, 37], [1, 40], [1, 40], [1, 40], [1, 37], [1, 39], [1, 42], [1, 37], [1, 30], [1, 31], [1, 43], [1, 35], [1, 46], [1, 36], [1, 34], [1, 34], [1, 34], [1, 35], [1, 29], [1, 30], [1, 34], [1, 44], [1, 45]]
average：37.83
Divergence：15
[[1, 41], [1, 36], [1, 40], [1, 46], [1, 43], [1, 34], [1, 44], [1, 36], [1, 36], [1, 45], [1, 45], [1, 31], [1, 37], [1, 38], [1, 50], [1, 29], [1, 41], [1, 34], [1, 33], [1, 36], [1, 36], [1, 35], [1, 35], [1, 31], [1, 50], [1, 40], [1, 34], [1, 29], [1, 36], [1, 37], [1, 43], [1, 38], [1, 37], [1, 41], [1, 31], [1, 34], [1, 41], [1, 51], [1, 41], [1, 32], [1, 37], [1, 33], [1, 46], [1, 49], [1, 34], [1, 36], [1, 33], [1, 35], [1, 39], [1, 48], [1, 37], [1, 46], [1, 38], [1, 32], [1, 28], [1, 43], [1, 45], [1, 34], [1, 43], [1, 39], [1, 36], [1, 33], [1, 36], [1, 36], [1, 44], [1, 28], [1, 34], [1, 43], [1, 38], [1, 47], [1, 34], [1, 38], [1, 35], [1, 45], [1, 34], [1, 37], [1, 38], [1, 30], [1, 43], [1, 32], [1, 44], [1, 35], [1, 48], [1, 47], [1, 32], [1, 48], [1, 38], [1, 36], [1, 35], [1, 31], [1, 40], [1, 47], [1, 44], [1, 44], [1, 47], [1, 45], [1, 40], [1, 39], [1, 35], [1, 34]]
average：38.52
Divergence：16
[[1, 34], [1, 33], [1, 47], [1, 37], [1, 39], [1, 60], [1, 39], [1, 41], [1, 31], [1, 41], [1, 46], [1, 36], [1, 39], [1, 34], [1, 35], [1, 39], [1, 52], [1, 47], [1, 36], [1, 41], [1, 49], [1, 38], [1, 36], [1, 38], [1, 36], [1, 41], [1, 32], [1, 38], [1, 44], [1, 34], [1, 36], [1, 39], [1, 44], [1, 47], [1, 41], [1, 37], [1, 34], [1, 42], [1, 34], [1, 29], [1, 29], [1, 38], [1, 29], [1, 38], [1, 47], [1, 33], [1, 43], [1, 44], [1, 43], [1, 42], [1, 44], [1, 38], [1, 48], [1, 34], [1, 40], [1, 30], [1, 40], [1, 31], [1, 53], [1, 48], [1, 41], [1, 35], [1, 38], [1, 44], [1, 47], [1, 54], [1, 35], [1, 31], [1, 39], [1, 34], [1, 30], [1, 46], [1, 32], [1, 36], [1, 35], [1, 44], [1, 45], [1, 33], [1, 41], [1, 34], [1, 36], [1, 37], [1, 33], [1, 42], [1, 41], [1, 42], [1, 38], [1, 37], [1, 47], [1, 43], [1, 46], [1, 34], [1, 31], [1, 39], [1, 37], [1, 48], [1, 36], [1, 35], [1, 32], [1, 38]]
average：39.14
Divergence：12
[[1, 50]]
average：50.0
Divergence：12
[[2, 51]]
average：51.0
Divergence：12
[[2, 51]]
average：51.0
Divergence：12
[[2, 51]]
average：51.0
Divergence：12
[[2, 51]]
average：51.0
Divergence：12
[[0, 100]]
average：100.0
